1.0	1.0	100.0	0.2766	5000.0
2.0	101.0	200.0	0.2995198079231693	4998.0
3.0	201.0	300.0	0.2857142857142857	4984.0
4.0	301.0	400.0	0.2715097402597403	4928.0
5.0	401.0	500.0	0.2539885130823229	4701.0
6.0	501.0	600.0	0.23718685359687428	4351.0
7.0	601.0	700.0	0.22321428571428573	4032.0
8.0	701.0	800.0	0.21789560894780446	3621.0
9.0	801.0	900.0	0.2100789313904068	3294.0
10.0	901.0	1000.0	0.20903771131339402	3076.0
11.0	1001.0	1100.0	0.20822010869565216	2944.0
12.0	1101.0	1200.0	0.21250439058658238	2847.0
13.0	1201.0	1300.0	0.20094476744186046	2752.0
14.0	1301.0	1400.0	0.19939917386406308	2663.0
15.0	1401.0	1500.0	0.20597362296353763	2578.0
16.0	1501.0	1600.0	0.2087824351297405	2505.0
17.0	1601.0	1700.0	0.20430998756734356	2413.0
18.0	1701.0	1800.0	0.19158075601374572	2328.0
19.0	1801.0	1900.0	0.19141323792486584	2236.0
20.0	1901.0	2000.0	0.19241573033707865	2136.0
21.0	2001.0	2100.0	0.19619326500732065	2049.0
22.0	2101.0	2200.0	0.18578680203045686	1970.0
23.0	2201.0	2300.0	0.17904160084254872	1899.0
24.0	2301.0	2400.0	0.18381948266373144	1817.0
25.0	2401.0	2500.0	0.18764302059496568	1748.0
26.0	2501.0	2600.0	0.18604651162790697	1677.0
27.0	2601.0	2700.0	0.17394014962593515	1604.0
28.0	2701.0	2800.0	0.18264248704663213	1544.0
29.0	2801.0	2900.0	0.1971252566735113	1461.0
30.0	2901.0	3000.0	0.20784883720930233	1376.0
31.0	3001.0	3100.0	0.19767441860465115	1290.0
32.0	3101.0	3200.0	0.18009868421052633	1216.0
33.0	3201.0	3300.0	0.1834625322997416	1161.0
34.0	3301.0	3400.0	0.18331805682859761	1091.0
35.0	3401.0	3500.0	0.1883495145631068	1030.0
36.0	3501.0	3600.0	0.17713697219361482	971.0
37.0	3601.0	3700.0	0.17868675995694294	929.0
38.0	3701.0	3800.0	0.1788154897494305	878.0
39.0	3801.0	3900.0	0.17044100119189512	839.0
40.0	3901.0	4000.0	0.1843088418430884	803.0
41.0	4001.0	4100.0	0.17894736842105263	760.0
42.0	4101.0	4200.0	0.16223776223776223	715.0
43.0	4201.0	4300.0	0.16496350364963502	685.0
44.0	4301.0	4400.0	0.1617873651771957	649.0
45.0	4401.0	4500.0	0.16396103896103897	616.0
46.0	4501.0	4600.0	0.14871794871794872	585.0
47.0	4601.0	4700.0	0.15300546448087432	549.0
48.0	4701.0	4800.0	0.1640625	512.0
49.0	4801.0	4900.0	0.14807302231237324	493.0
50.0	4901.0	5000.0	0.14947368421052631	475.0
51.0	5001.0	5100.0	0.15192743764172337	441.0
52.0	5101.0	5200.0	0.1791767554479419	413.0
53.0	5201.0	5300.0	0.17424242424242425	396.0
54.0	5301.0	5400.0	0.18181818181818182	385.0
55.0	5401.0	5500.0	0.1837837837837838	370.0
56.0	5501.0	5600.0	0.19553072625698323	358.0
57.0	5601.0	5700.0	0.19469026548672566	339.0
58.0	5701.0	5800.0	0.20552147239263804	326.0
59.0	5801.0	5900.0	0.2098360655737705	305.0
60.0	5901.0	6000.0	0.18556701030927836	291.0
61.0	6001.0	6100.0	0.1649122807017544	285.0
62.0	6101.0	6200.0	0.16	275.0
63.0	6201.0	6300.0	0.19157088122605365	261.0
64.0	6301.0	6400.0	0.22310756972111553	251.0
65.0	6401.0	6500.0	0.20588235294117646	238.0
66.0	6501.0	6600.0	0.14035087719298245	228.0
67.0	6601.0	6700.0	0.1834862385321101	218.0
68.0	6701.0	6800.0	0.1650943396226415	212.0
69.0	6801.0	6900.0	0.17475728155339806	206.0
70.0	6901.0	7000.0	0.20100502512562815	199.0
71.0	7001.0	7100.0	0.19791666666666666	192.0
72.0	7101.0	7200.0	0.21390374331550802	187.0
73.0	7201.0	7300.0	0.18994413407821228	179.0
74.0	7301.0	7400.0	0.17751479289940827	169.0
75.0	7401.0	7500.0	0.1746987951807229	166.0
76.0	7501.0	7600.0	0.17721518987341772	158.0
77.0	7601.0	7700.0	0.1513157894736842	152.0
78.0	7701.0	7800.0	0.2013888888888889	144.0
79.0	7801.0	7900.0	0.15827338129496402	139.0
80.0	7901.0	8000.0	0.17518248175182483	137.0
81.0	8001.0	8100.0	0.18796992481203006	133.0
82.0	8101.0	8200.0	0.1889763779527559	127.0
83.0	8201.0	8300.0	0.1774193548387097	124.0
84.0	8301.0	8400.0	0.21367521367521367	117.0
85.0	8401.0	8500.0	0.1875	112.0
86.0	8501.0	8600.0	0.22857142857142856	105.0
87.0	8601.0	8700.0	0.25	100.0
88.0	8701.0	8800.0	0.24489795918367346	98.0
89.0	8801.0	8900.0	0.19148936170212766	94.0
90.0	8901.0	9000.0	0.17391304347826086	92.0
91.0	9001.0	9100.0	0.14606741573033707	89.0
92.0	9101.0	9200.0	0.19767441860465115	86.0
93.0	9201.0	9300.0	0.1951219512195122	82.0
94.0	9301.0	9400.0	0.19230769230769232	78.0
95.0	9401.0	9500.0	0.21794871794871795	78.0
96.0	9501.0	9600.0	0.24358974358974358	78.0
97.0	9601.0	9700.0	0.21621621621621623	74.0
98.0	9701.0	9800.0	0.1527777777777778	72.0
99.0	9801.0	9900.0	0.21739130434782608	69.0
100.0	9901.0	10000.0	0.22388059701492538	67.0
101.0	10001.0	10100.0	0.1875	64.0
102.0	10101.0	10200.0	0.1724137931034483	58.0
103.0	10201.0	10300.0	0.20754716981132076	53.0
104.0	10301.0	10400.0	0.23076923076923078	52.0
105.0	10401.0	10500.0	0.23529411764705882	51.0
106.0	10501.0	10600.0	0.19607843137254902	51.0
107.0	10601.0	10700.0	0.3	50.0
108.0	10701.0	10800.0	0.24	50.0
109.0	10801.0	10900.0	0.20408163265306123	49.0
110.0	10901.0	11000.0	0.1702127659574468	47.0
111.0	11001.0	11100.0	0.17391304347826086	46.0
112.0	11101.0	11200.0	0.2558139534883721	43.0
113.0	11201.0	11300.0	0.21428571428571427	42.0
114.0	11301.0	11400.0	0.18421052631578946	38.0
115.0	11401.0	11500.0	0.18421052631578946	38.0
116.0	11501.0	11600.0	0.15789473684210525	38.0
117.0	11601.0	11700.0	0.25	36.0
118.0	11701.0	11800.0	0.16666666666666666	36.0
119.0	11801.0	11900.0	0.11764705882352941	34.0
120.0	11901.0	12000.0	0.06060606060606061	33.0
121.0	12001.0	12100.0	0.09375	32.0
122.0	12101.0	12200.0	0.0967741935483871	31.0
123.0	12201.0	12300.0	0.1	30.0
124.0	12301.0	12400.0	0.037037037037037035	27.0
125.0	12401.0	12500.0	0.038461538461538464	26.0
126.0	12501.0	12600.0	0.07692307692307693	26.0
127.0	12601.0	12700.0	0.07692307692307693	26.0
128.0	12701.0	12800.0	0.041666666666666664	24.0
129.0	12801.0	12900.0	0.043478260869565216	23.0
130.0	12901.0	13000.0	0.09090909090909091	22.0
131.0	13001.0	13100.0	0.047619047619047616	21.0
132.0	13101.0	13200.0	0.10526315789473684	19.0
133.0	13201.0	13300.0	0.2777777777777778	18.0
134.0	13301.0	13400.0	0.2777777777777778	18.0
135.0	13401.0	13500.0	0.11764705882352941	17.0
136.0	13501.0	13600.0	0.0625	16.0
137.0	13601.0	13700.0	0.26666666666666666	15.0
138.0	13701.0	13800.0	0.23076923076923078	13.0
139.0	13801.0	13900.0	0.23076923076923078	13.0
140.0	13901.0	14000.0	0.07692307692307693	13.0
141.0	14001.0	14100.0	0.07692307692307693	13.0
142.0	14101.0	14200.0	0.15384615384615385	13.0
143.0	14201.0	14300.0	0.15384615384615385	13.0
144.0	14301.0	14400.0	0.15384615384615385	13.0
145.0	14401.0	14500.0	0.15384615384615385	13.0
146.0	14501.0	14600.0	0.07692307692307693	13.0
147.0	14601.0	14700.0	0.23076923076923078	13.0
148.0	14701.0	14800.0	0.23076923076923078	13.0
149.0	14801.0	14900.0	0.07692307692307693	13.0
150.0	14901.0	15000.0	0.16666666666666666	12.0
151.0	15001.0	15100.0	0.36363636363636365	11.0
152.0	15101.0	15200.0	0.36363636363636365	11.0
153.0	15201.0	15300.0	0.18181818181818182	11.0
154.0	15301.0	15400.0	0.4	10.0
155.0	15401.0	15500.0	0.5	10.0
156.0	15501.0	15600.0	0.6	10.0
157.0	15601.0	15700.0	0.5	10.0
158.0	15701.0	15800.0	0.4	10.0
159.0	15801.0	15900.0	0.2222222222222222	9.0
160.0	15901.0	16000.0	0.1111111111111111	9.0
161.0	16001.0	16100.0	0.4444444444444444	9.0
162.0	16101.0	16200.0	0.4444444444444444	9.0
163.0	16201.0	16300.0	0.0	9.0
164.0	16301.0	16400.0	0.1111111111111111	9.0
165.0	16401.0	16500.0	0.25	8.0
166.0	16501.0	16600.0	0.375	8.0
167.0	16601.0	16700.0	0.14285714285714285	7.0
168.0	16701.0	16800.0	0.14285714285714285	7.0
169.0	16801.0	16900.0	0.42857142857142855	7.0
170.0	16901.0	17000.0	0.5714285714285714	7.0
171.0	17001.0	17100.0	0.14285714285714285	7.0
172.0	17101.0	17200.0	0.2857142857142857	7.0
173.0	17201.0	17300.0	0.42857142857142855	7.0
174.0	17301.0	17400.0	0.16666666666666666	6.0
175.0	17401.0	17500.0	0.3333333333333333	6.0
176.0	17501.0	17600.0	0.16666666666666666	6.0
177.0	17601.0	17700.0	0.0	6.0
178.0	17701.0	17800.0	0.5	6.0
179.0	17801.0	17900.0	0.3333333333333333	6.0
180.0	17901.0	18000.0	0.5	6.0
181.0	18001.0	18100.0	0.0	5.0
182.0	18101.0	18200.0	0.6	5.0
183.0	18201.0	18300.0	0.4	5.0
184.0	18301.0	18400.0	0.0	5.0
185.0	18401.0	18500.0	0.0	5.0
186.0	18501.0	18600.0	0.0	5.0
187.0	18601.0	18700.0	0.0	5.0
188.0	18701.0	18800.0	0.2	5.0
189.0	18801.0	18900.0	0.2	5.0
190.0	18901.0	19000.0	0.0	4.0
191.0	19001.0	19100.0	0.0	4.0
192.0	19101.0	19200.0	0.0	4.0
193.0	19201.0	19300.0	0.0	4.0
194.0	19301.0	19400.0	0.0	4.0
195.0	19401.0	19500.0	0.0	4.0
196.0	19501.0	19600.0	0.0	4.0
197.0	19601.0	19700.0	0.0	4.0
198.0	19701.0	19800.0	0.0	4.0
199.0	19801.0	19900.0	0.0	4.0
200.0	19901.0	20000.0	0.0	4.0
201.0	20001.0	20100.0	0.0	4.0
202.0	20101.0	20200.0	0.0	4.0
203.0	20201.0	20300.0	0.0	4.0
204.0	20301.0	20400.0	0.0	4.0
205.0	20401.0	20500.0	0.0	4.0
206.0	20501.0	20600.0	0.0	4.0
207.0	20601.0	20700.0	0.0	4.0
208.0	20701.0	20800.0	0.0	4.0
209.0	20801.0	20900.0	0.0	4.0
210.0	20901.0	21000.0	0.0	4.0
211.0	21001.0	21100.0	0.0	4.0
212.0	21101.0	21200.0	0.0	4.0
213.0	21201.0	21300.0	0.0	4.0
214.0	21301.0	21400.0	0.0	4.0
215.0	21401.0	21500.0	0.0	4.0
216.0	21501.0	21600.0	0.0	4.0
217.0	21601.0	21700.0	0.0	4.0
218.0	21701.0	21800.0	0.0	4.0
219.0	21801.0	21900.0	0.0	4.0
220.0	21901.0	22000.0	0.0	4.0
221.0	22001.0	22100.0	0.0	4.0
222.0	22101.0	22200.0	0.0	4.0
223.0	22201.0	22300.0	0.0	4.0
224.0	22301.0	22400.0	0.0	4.0
225.0	22401.0	22500.0	0.0	4.0
226.0	22501.0	22600.0	0.0	4.0
227.0	22601.0	22700.0	0.0	4.0
228.0	22701.0	22800.0	0.25	4.0
229.0	22801.0	22900.0	0.25	4.0
230.0	22901.0	23000.0	0.25	4.0
231.0	23001.0	23100.0	0.75	4.0
232.0	23101.0	23200.0	0.75	4.0
233.0	23201.0	23300.0	0.5	4.0
234.0	23301.0	23400.0	0.0	1.0
235.0	23401.0	23500.0	0.0	1.0
236.0	23501.0	23600.0	0.0	1.0
237.0	23601.0	23700.0	0.0	1.0
238.0	23701.0	23800.0	0.0	1.0
239.0	23801.0	23900.0	0.0	1.0
240.0	23901.0	24000.0	0.0	1.0
241.0	24001.0	24100.0	0.0	1.0
242.0	24101.0	24200.0	0.0	1.0
243.0	24201.0	24300.0	0.0	1.0
244.0	24301.0	24400.0	0.0	1.0
245.0	24401.0	24500.0	0.0	1.0
246.0	24501.0	24600.0	0.0	1.0
247.0	24601.0	24700.0	0.0	1.0
248.0	24701.0	24800.0	0.0	1.0
249.0	24801.0	24900.0	0.0	1.0
250.0	24901.0	25000.0	0.0	1.0
251.0	25001.0	25100.0	0.0	1.0
252.0	25101.0	25200.0	0.0	1.0
253.0	25201.0	25300.0	0.0	1.0
254.0	25301.0	25400.0	0.0	1.0
255.0	25401.0	25500.0	0.0	1.0
256.0	25501.0	25600.0	0.0	1.0
257.0	25601.0	25700.0	0.0	1.0
258.0	25701.0	25800.0	0.0	1.0
259.0	25801.0	25900.0	0.0	1.0
260.0	25901.0	26000.0	0.0	1.0
261.0	26001.0	26100.0	0.0	1.0
262.0	26101.0	26200.0	0.0	1.0
263.0	26201.0	26300.0	0.0	1.0
264.0	26301.0	26400.0	0.0	1.0
265.0	26401.0	26500.0	0.0	1.0
266.0	26501.0	26600.0	0.0	1.0
267.0	26601.0	26700.0	0.0	1.0
268.0	26701.0	26800.0	0.0	1.0
269.0	26801.0	26900.0	0.0	1.0
270.0	26901.0	27000.0	0.0	1.0
271.0	27001.0	27100.0	0.0	1.0
272.0	27101.0	27200.0	0.0	1.0
273.0	27201.0	27300.0	0.0	1.0
274.0	27301.0	27400.0	0.0	1.0
275.0	27401.0	27500.0	0.0	1.0
276.0	27501.0	27600.0	0.0	1.0
277.0	27601.0	27700.0	0.0	1.0
278.0	27701.0	27800.0	0.0	1.0
279.0	27801.0	27900.0	0.0	1.0
280.0	27901.0	28000.0	0.0	1.0
281.0	28001.0	28100.0	0.0	1.0
282.0	28101.0	28200.0	0.0	1.0
283.0	28201.0	28300.0	0.0	1.0
284.0	28301.0	28400.0	0.0	1.0
285.0	28401.0	28500.0	0.0	1.0
286.0	28501.0	28600.0	0.0	1.0
287.0	28601.0	28700.0	0.0	1.0
288.0	28701.0	28800.0	0.0	1.0
289.0	28801.0	28900.0	0.0	1.0
290.0	28901.0	29000.0	0.0	1.0
291.0	29001.0	29100.0	0.0	1.0
292.0	29101.0	29200.0	0.0	1.0
293.0	29201.0	29300.0	0.0	1.0
294.0	29301.0	29400.0	0.0	1.0
295.0	29401.0	29500.0	0.0	1.0
296.0	29501.0	29600.0	0.0	1.0
297.0	29601.0	29700.0	0.0	1.0
298.0	29701.0	29800.0	0.0	1.0
299.0	29801.0	29900.0	0.0	1.0
300.0	29901.0	30000.0	0.0	1.0
301.0	30001.0	30100.0	0.0	1.0
302.0	30101.0	30200.0	0.0	1.0
303.0	30201.0	30300.0	0.0	1.0
304.0	30301.0	30400.0	0.0	1.0
305.0	30401.0	30500.0	0.0	1.0
306.0	30501.0	30600.0	0.0	1.0
307.0	30601.0	30700.0	0.0	1.0
308.0	30701.0	30800.0	0.0	1.0
309.0	30801.0	30900.0	0.0	1.0
310.0	30901.0	31000.0	0.0	1.0
311.0	31001.0	31100.0	0.0	1.0
312.0	31101.0	31200.0	0.0	1.0
313.0	31201.0	31300.0	0.0	1.0
314.0	31301.0	31400.0	0.0	1.0
315.0	31401.0	31500.0	0.0	1.0
316.0	31501.0	31600.0	0.0	1.0
317.0	31601.0	31700.0	0.0	1.0
318.0	31701.0	31800.0	0.0	1.0
319.0	31801.0	31900.0	0.0	1.0
320.0	31901.0	32000.0	0.0	1.0
321.0	32001.0	32100.0	0.0	1.0
322.0	32101.0	32200.0	0.0	1.0
323.0	32201.0	32300.0	0.0	1.0
324.0	32301.0	32400.0	0.0	1.0
325.0	32401.0	32500.0	0.0	1.0
326.0	32501.0	32600.0	0.0	1.0
327.0	32601.0	32700.0	0.0	1.0
328.0	32701.0	32800.0	0.0	1.0
329.0	32801.0	32900.0	0.0	1.0
330.0	32901.0	33000.0	0.0	1.0
331.0	33001.0	33100.0	0.0	1.0
332.0	33101.0	33200.0	0.0	1.0
333.0	33201.0	33300.0	0.0	1.0
334.0	33301.0	33400.0	0.0	1.0
335.0	33401.0	33500.0	0.0	1.0
336.0	33501.0	33600.0	0.0	1.0
337.0	33601.0	33700.0	0.0	1.0
338.0	33701.0	33800.0	0.0	1.0
339.0	33801.0	33900.0	0.0	1.0
340.0	33901.0	34000.0	0.0	1.0
341.0	34001.0	34100.0	0.0	1.0
342.0	34101.0	34200.0	0.0	1.0
343.0	34201.0	34300.0	0.0	1.0
344.0	34301.0	34400.0	0.0	1.0
345.0	34401.0	34500.0	0.0	1.0
346.0	34501.0	34600.0	0.0	1.0
347.0	34601.0	34700.0	0.0	1.0
348.0	34701.0	34800.0	0.0	1.0
349.0	34801.0	34900.0	0.0	1.0
350.0	34901.0	35000.0	0.0	1.0
351.0	35001.0	35100.0	0.0	1.0
352.0	35101.0	35200.0	0.0	1.0
353.0	35201.0	35300.0	0.0	1.0
354.0	35301.0	35400.0	0.0	1.0
355.0	35401.0	35500.0	0.0	1.0
356.0	35501.0	35600.0	0.0	1.0
357.0	35601.0	35700.0	0.0	1.0
358.0	35701.0	35800.0	0.0	1.0
359.0	35801.0	35900.0	0.0	1.0
360.0	35901.0	36000.0	0.0	1.0
361.0	36001.0	36100.0	0.0	1.0
362.0	36101.0	36200.0	0.0	1.0
363.0	36201.0	36300.0	0.0	1.0
364.0	36301.0	36400.0	0.0	1.0
365.0	36401.0	36500.0	0.0	1.0
366.0	36501.0	36600.0	0.0	1.0
367.0	36601.0	36700.0	0.0	1.0
368.0	36701.0	36800.0	0.0	1.0
369.0	36801.0	36900.0	0.0	1.0
370.0	36901.0	37000.0	0.0	1.0
371.0	37001.0	37100.0	0.0	1.0
372.0	37101.0	37200.0	0.0	1.0
373.0	37201.0	37300.0	0.0	1.0
374.0	37301.0	37400.0	0.0	1.0
375.0	37401.0	37500.0	0.0	1.0
376.0	37501.0	37600.0	0.0	1.0
377.0	37601.0	37700.0	0.0	1.0
378.0	37701.0	37800.0	0.0	1.0
379.0	37801.0	37900.0	0.0	1.0
380.0	37901.0	38000.0	0.0	1.0
381.0	38001.0	38100.0	0.0	1.0
382.0	38101.0	38200.0	0.0	1.0
383.0	38201.0	38300.0	0.0	1.0
384.0	38301.0	38400.0	0.0	1.0
385.0	38401.0	38500.0	0.0	1.0
386.0	38501.0	38600.0	0.0	1.0
387.0	38601.0	38700.0	0.0	1.0
388.0	38701.0	38800.0	1.0	1.0
389.0	38801.0	38900.0	0.0	1.0
390.0	38901.0	39000.0	0.0	1.0
391.0	39001.0	39100.0	0.0	1.0
392.0	39101.0	39200.0	0.0	1.0
393.0	39201.0	39300.0	0.0	1.0
394.0	39301.0	39400.0	0.0	1.0
395.0	39401.0	39500.0	0.0	1.0
396.0	39501.0	39600.0	0.0	1.0
397.0	39601.0	39700.0	0.0	1.0
398.0	39701.0	39800.0	0.0	1.0
399.0	39801.0	39900.0	0.0	1.0
400.0	39901.0	40000.0	0.0	1.0
401.0	40001.0	40100.0	0.0	1.0
402.0	40101.0	40200.0	1.0	1.0
403.0	40201.0	40300.0	0.0	1.0
404.0	40301.0	40400.0	0.0	1.0
